version https://git-lfs.github.com/spec/v1
oid sha256:47538f533e52a999262399eac16bf340cdade6b248f9292b29214afb72cd30fe
size 142
